CH4
5.03407e-01 2.85000e-02 0148 6.34210e-02 1.69602e-03 3.62844e+00 8.96503e-01 2.82598e+04
5.57639e-01 3.14737e-02 0160 1.02166e-01 1.14169e-03 3.95518e+00 8.88716e-01 2.75295e+04
6.12206e-01 3.44474e-02 0156 1.46738e-01 8.61548e-04 4.27221e+00 8.80325e-01 2.67992e+04
6.67109e-01 3.74211e-02 0167 1.94665e-01 6.98665e-04 4.58211e+00 8.72551e-01 2.60689e+04
7.22353e-01 4.03947e-02 0166 2.43831e-01 5.97576e-04 4.88235e+00 8.65726e-01 2.53386e+04
7.77940e-01 4.33684e-02 0162 2.91427e-01 5.31886e-04 5.16938e+00 8.60580e-01 2.46084e+04
8.33874e-01 4.63421e-02 0160 3.35454e-01 4.88449e-04 5.44107e+00 8.56993e-01 2.38781e+04
8.90158e-01 4.93158e-02 0166 3.72683e-01 4.58836e-04 5.69124e+00 8.54654e-01 2.31478e+04
9.46795e-01 5.22895e-02 0168 4.01235e-01 4.40677e-04 5.90144e+00 8.54060e-01 2.24175e+04
1.00379e+00 5.52632e-02 0170 4.19434e-01 4.29957e-04 6.04095e+00 8.55209e-01 2.16873e+04
1.06114e+00 5.82368e-02 0172 4.24695e-01 4.23246e-04 6.06237e+00 8.58447e-01 2.09570e+04
1.11886e+00 6.12105e-02 0175 4.13568e-01 4.23936e-04 5.97077e+00 8.63837e-01 2.02268e+04
1.17694e+00 6.41842e-02 0179 3.83597e-01 4.41816e-04 5.84627e+00 8.72376e-01 1.94965e+04
1.23540e+00 6.71579e-02 0179 3.33454e-01 4.89479e-04 5.71279e+00 8.84904e-01 1.87663e+04
1.29422e+00 7.01316e-02 0183 2.66970e-01 5.87361e-04 5.57817e+00 9.01081e-01 1.80361e+04
1.35343e+00 7.31053e-02 0166 1.97034e-01 7.69611e-04 5.44253e+00 9.19851e-01 1.73058e+04
1.41302e+00 7.60789e-02 0159 1.45389e-01 1.02014e-03 5.31530e+00 9.36569e-01 1.65756e+04
1.47299e+00 7.90526e-02 0145 1.19647e-01 1.21715e-03 5.18876e+00 9.46979e-01 1.58454e+04
1.53335e+00 8.20263e-02 0134 1.02069e-01 1.40391e-03 5.06839e+00 9.55264e-01 1.51152e+04
1.59410e+00 8.50000e-02 0134 8.90475e-02 1.58763e-03 4.96199e+00 9.61987e-01 1.43850e+04
2.00000e+02 9.77533e-01 2.35970e+03 1.60428e+01 -4.65005e+06 8.08257e-06 -4.85995e+06
3.33000e+02 1.05582e+00 1.01176e+03 2.88504e+01 3.91546e+01 2.01555e-05 3.34328e+04
